00 01 02 03 04 05 06 07 08 09 10 11 12 13 14 15
0A 81 02 01 01 01 00 01 0E 01 01 0C 02 01 00 00
UDP报文
FF 00 00 00 00 00 00 00 00 00 00 00 00 00 00 00 00 00 00 00 00 00 00 00 00 00 00 00 00 00 00 00 00 00 00 00 00 00 00 00 00
ASDU20
14 81 14 01 FF F1
ASUD21
15 81 2A FE FE F1 01 01 06 00 0A
ASUD7总召唤
07 81 09 FF FF 00 


返回数据
0a 81 02 01 fe f4 00 37 
07 01 01 0c 02 01 00 00 
07 02 01 0c 02 01 00 00 
07 03 01 0c 02 01 00 00 
07 04 01 0c 02 01 00 00 
07 05 01 0c 02 01 00 00 
07 06 01 0c 02 01 00 00 
07 07 01 0c 02 01 00 00 
07 08 01 0c 02 01 00 00 
07 09 01 0c 02 01 00 00 
07 0a 01 0c 02 01 00 00 
07 0b 01 0c 02 01 00 00 
07 0c 01 0c 02 01 00 00 
07 0d 01 0c 02 01 00 00 
07 0e 01 0c 02 01 00 00 
07 0f 01 0c 02 01 00 00 
07 10 01 0c 02 01 00 00 
07 11 01 0c 02 01 00 00 
07 12 01 0c 02 01 00 00 
07 13 01 0c 02 01 00 00 
07 14 01 0c 02 01 00 00 
07 15 01 0c 02 01 00 00 
07 16 01 0c 02 01 00 00 
07 17 01 0c 02 01 00 00 
07 18 01 0c 02 01 00 00 
07 19 01 0c 02 01 00 00 
07 1a 01 0c 02 01 00 00 
07 1b 01 0c 02 01 00 00 
07 1c 01 0c 02 01 00 00 
08 01 01 09 01 01 01 
08 02 01 09 01 01 01 
08 03 01 09 01 01 01 
08 04 01 09 01 01 01 
08 05 01 09 01 01 01 
08 06 01 09 01 01 01 
08 07 01 09 01 01 01 
08 08 01 09 01 01 01 
08 09 01 09 01 01 01 
08 0a 01 09 01 01 01 
08 0b 01 09 01 01 01 
08 0c 01 09 01 01 01 
08 0d 01 09 01 01 01 
08 0e 01 09 01 01 01 
08 0f 01 09 01 01 01 
08 10 01 09 01 01 01 
08 11 01 09 01 01 01 
08 12 01 09 01 01 01 
08 13 01 09 01 01 01 
08 14 01 09 01 01 01 
08 15 01 09 01 01 01 
08 16 01 09 01 01 01 
08 17 01 09 01 01 01 
0a 01 01 03 04 01 04 00 00 00 
0a 02 01 03 04 01 00 00 00 00 
0a 03 01 03 04 01 00 00 00 00 
0a 04 01 03 04 01 00 00 00 00 

0a 81 02 01 fe f4 00 25 
07 01 01 0c 02 01 00 00 
07 02 01 0c 02 01 00 00 
07 03 01 0c 02 01 00 00 
07 04 01 0c 02 01 00 00 
07 05 01 0c 02 01 00 00 
07 06 01 0c 02 01 00 00 
07 07 01 0c 02 01 00 00 
07 08 01 0c 02 01 00 00 
07 09 01 0c 02 01 00 00 
07 0a 01 0c 02 01 00 00 
07 0b 01 0c 02 01 ff 7f 
07 0c 01 0c 02 01 00 00 
07 0d 01 0c 02 01 00 00 
07 0e 01 0c 02 01 00 00 
07 0f 01 0c 02 01 00 00 
07 10 01 0c 02 01 00 00 
07 11 01 0c 02 01 00 00 
07 12 01 0c 02 01 00 00 
07 13 01 0c 02 01 00 00 
08 01 01 09 01 01 01 
08 02 01 09 01 01 01 
08 03 01 09 01 01 01 
08 04 01 09 01 01 01 
08 05 01 09 01 01 01 
08 06 01 09 01 01 01 
08 07 01 09 01 01 01 
08 08 01 09 01 01 01 
08 09 01 09 01 01 01 
08 0a 01 09 01 01 01 
08 0b 01 09 01 01 01 
08 0c 01 09 01 01 01 
08 0d 01 09 01 01 01 
08 0e 01 09 01 01 01 
0a 01 01 03 04 01 00 00 00 00 
0a 02 01 03 04 01 00 00 00 00 
0a 03 01 03 04 01 00 00 00 00 
0a 04 01 03 04 01 00 00 00 00 

0a 81 02 01 fe f4 00 37 07 01 01 0c 02 01 00 00 07 02 01 0c 02 01 00 00 07 03 01 0c 02 01 00 00 07 04 01 0c 02 01 00 00 07 05 01 0c 02 01 00 00 07 06 01 0c 02 01 00 00 07 07 01 0c 02 01 00 00 07 08 01 0c 02 01 00 00 07 09 01 0c 02 01 00 00 07 0a 01 0c 02 01 00 00 07 0b 01 0c 02 01 00 00 07 0c 01 0c 02 01 00 00 07 0d 01 0c 02 01 00 00 07 0e 01 0c 02 01 00 00 07 0f 01 0c 02 01 00 00 07 10 01 0c 02 01 00 00 07 11 01 0c 02 01 00 00 07 12 01 0c 02 01 00 00 07 13 01 0c 02 01 00 00 07 14 01 0c 02 01 00 00 07 15 01 0c 02 01 00 00 07 16 01 0c 02 01 00 00 07 17 01 0c 02 01 00 00 07 18 01 0c 02 01 00 00 07 19 01 0c 02 01 00 00 07 1a 01 0c 02 01 00 00 07 1b 01 0c 02 01 00 00 07 1c 01 0c 02 01 00 00 08 01 01 09 01 01 01 08 02 01 09 01 01 01 08 03 01 09 01 01 01 08 04 01 09 01 01 01 08 05 01 09 01 01 01 08 06 01 09 01 01 01 08 07 01 09 01 01 01 08 08 01 09 01 01 01 08 09 01 09 01 01 01 08 0a 01 09 01 01 01 08 0b 01 09 01 01 01 08 0c 01 09 01 01 01 08 0d 01 09 01 01 01 08 0e 01 09 01 01 01 08 0f 01 09 01 01 01 08 10 01 09 01 01 01 08 11 01 09 01 01 01 08 12 01 09 01 01 01 08 13 01 09 01 01 01 08 14 01 09 01 01 01 08 15 01 09 01 01 01 08 16 01 09 01 01 01 08 17 01 09 01 01 01 0a 01 01 03 04 01 04 00 00 00 0a 02 01 03 04 01 00 00 00 00 0a 03 01 03 04 01 00 00 00 00 0a 04 01 03 04 01 00 00 00 00 
0a 81 02 01 fe f4 00 37 07 01 01 0c 02 01 00 00 07 02 01 0c 02 01 00 00 07 03 01 0c 02 01 00 00 07 04 01 0c 02 01 00 00 07 05 01 0c 02 01 00 00 07 06 01 0c 02 01 00 00 07 07 01 0c 02 01 00 00 07 08 01 0c 02 01 00 00 07 09 01 0c 02 01 00 00 07 0a 01 0c 02 01 00 00 07 0b 01 0c 02 01 00 00 07 0c 01 0c 02 01 00 00 07 0d 01 0c 02 01 00 00 07 0e 01 0c 02 01 00 00 07 0f 01 0c 02 01 00 00 07 10 01 0c 02 01 00 00 07 11 01 0c 02 01 00 00 07 12 01 0c 02 01 00 00 07 13 01 0c 02 01 00 00 07 14 01 0c 02 01 00 00 07 15 01 0c 02 01 00 00 07 16 01 0c 02 01 00 00 07 17 01 0c 02 01 00 00 07 18 01 0c 02 01 00 00 07 19 01 0c 02 01 00 00 07 1a 01 0c 02 01 00 00 07 1b 01 0c 02 01 00 00 07 1c 01 0c 02 01 00 00 08 01 01 09 01 01 01 08 02 01 09 01 01 01 08 03 01 09 01 01 01 08 04 01 09 01 01 01 08 05 01 09 01 01 01 08 06 01 09 01 01 01 08 07 01 09 01 01 01 08 08 01 09 01 01 01 08 09 01 09 01 01 01 08 0a 01 09 01 01 01 08 0b 01 09 01 01 01 08 0c 01 09 01 01 01 08 0d 01 09 01 01 01 08 0e 01 09 01 01 01 08 0f 01 09 01 01 01 08 10 01 09 01 01 01 08 11 01 09 01 01 01 08 12 01 09 01 01 01 08 13 01 09 01 01 01 08 14 01 09 01 01 01 08 15 01 09 01 01 01 08 16 01 09 01 01 01 08 17 01 09 01 01 01 0a 01 01 03 04 01 04 00 00 00 0a 02 01 03 04 01 00 00 00 00 0a 03 01 03 04 01 00 00 00 00 0a 04 01 03 04 01 00 00 00 00






0a 81 01 01 fe f4 00 01 08 01 01 09 01 01 01  //遥信变位-消除
0a 81 01 01 fe f4 00 01 08 01 01 09 01 01 02   //遥信变位-发生


0a 81 01 01 fe f4 00 01 04 0e 01 12 06 01 02 c5 01 36 0c 00  //保护事件-发生
0a 81 01 01 fe f4 00 01 04 0e 01 12 06 01 02 6c e5 0a 0d 00


Rmote Logn
ID:821490710
pw:





